[gd_scene load_steps=14 format=2]

[ext_resource path="res://models/Player/Player.mesh" type="ArrayMesh" id=1]
[ext_resource path="res://models/Player/Walk_Hide.anim" type="Animation" id=5]
[ext_resource path="res://models/Player/Walk.anim" type="Animation" id=6]
[ext_resource path="res://models/Player/idle_Hide.anim" type="Animation" id=7]
[ext_resource path="res://models/Player/idle_Hide_Left.anim" type="Animation" id=8]
[ext_resource path="res://models/Player/idle_Hide_Right.anim" type="Animation" id=9]
[ext_resource path="res://models/Player/Idle.anim" type="Animation" id=10]
[ext_resource path="res://models/Player/Run.anim" type="Animation" id=11]
[ext_resource path="res://scripts/player.gd" type="Script" id=12]
[ext_resource path="res://scenes/Desert_Eagle.tscn" type="PackedScene" id=13]

[sub_resource type="Skin" id=1]
resource_name = "Skin"
bind_count = 27
bind/0/name = "base"
bind/0/bone = -1
bind/0/pose = Transform( 4, 4.73997e-09, 6.45369e-09, -7.21083e-09, 0.730546, 3.93272, 3.48156e-09, -3.93272, 0.730547, 1.58779e-09, 1.75526, 1.81118 )
bind/1/name = "pelvis"
bind/1/bone = -1
bind/1/pose = Transform( -4, -1.06958e-06, -2.95863e-06, 1.2091e-06, -3.99547, -0.190261, -2.90441e-06, -0.190261, 3.99547, 4.69295e-07, 1.8343, 0.112161 )
bind/2/name = "hip_l"
bind/2/bone = -1
bind/2/pose = Transform( -3.94502, 0.660912, 0.00459541, -0.658851, -3.93473, 0.289496, 0.0523532, 0.28476, 3.98951, 0.342381, 1.46849, -0.0233973 )
bind/3/name = "shin_l"
bind/3/bone = -1
bind/3/pose = Transform( -3.96104, 0.548817, 0.094808, -0.555903, -3.85426, -0.914151, -0.0340718, -0.918422, 3.89299, 0.366855, 0.803904, 0.21897 )
bind/4/name = "foot_l"
bind/4/bone = -1
bind/4/pose = Transform( -3.96041, -0.238756, 0.508118, 0.561417, -1.68425, 3.58443, -1.10269e-06, 3.62026, 1.70109, 0.439303, 0.201667, -0.195079 )
bind/5/name = "toe_l"
bind/5/bone = -1
bind/5/pose = Transform( -3.96333, -0.00450781, 0.540403, 0.540419, -0.0450343, 3.96307, 0.00161793, 3.99974, 0.0452308, 0.431591, -0.294803, -0.107962 )
bind/6/name = "hip_r"
bind/6/bone = -1
bind/6/pose = Transform( -3.94502, -0.660911, -0.00459549, 0.65885, -3.93473, 0.289496, -0.0523532, 0.28476, 3.98951, -0.342381, 1.46849, -0.0233973 )
bind/7/name = "shin_r"
bind/7/bone = -1
bind/7/pose = Transform( -3.96104, -0.548817, -0.094808, 0.555903, -3.85426, -0.914151, 0.0340718, -0.918423, 3.89299, -0.366855, 0.803904, 0.21897 )
bind/8/name = "foot_r"
bind/8/bone = -1
bind/8/pose = Transform( -3.96041, 0.238756, -0.508118, -0.561417, -1.68425, 3.58443, 1.01328e-06, 3.62026, 1.70109, -0.439303, 0.201667, -0.195079 )
bind/9/name = "toe_r"
bind/9/bone = -1
bind/9/pose = Transform( -3.96333, 0.00450775, -0.540403, -0.540419, -0.0450353, 3.96307, -0.00161798, 3.99974, 0.0452311, -0.431591, -0.294803, -0.107962 )
bind/10/name = "torso"
bind/10/bone = -1
bind/10/pose = Transform( 4, 1.34969e-06, 3.81188e-08, -1.3502e-06, 3.99758, 0.139111, 8.84325e-09, -0.139111, 3.99758, -6.1607e-07, -1.83558, 0.088677 )
bind/11/name = "chest"
bind/11/bone = -1
bind/11/pose = Transform( 4, 8.63694e-07, 9.5835e-07, -8.40358e-07, 3.99884, -0.0963579, -9.78878e-07, 0.0963573, 3.99884, -2.82779e-07, -2.75585, -0.0736114 )
bind/12/name = "head"
bind/12/bone = -1
bind/12/pose = Transform( 4, -4.59405e-10, 1.46606e-08, -1.48298e-13, 3.99804, 0.125294, -1.46676e-08, -0.125295, 3.99804, 5.10659e-07, -3.68706, 0.130823 )
bind/13/name = "collar_l"
bind/13/bone = -1
bind/13/pose = Transform( -0.917044, -3.89346, -0.0057285, 3.89314, -0.917043, 0.0502994, -0.050273, 0.00595566, 3.99968, 3.351, 0.237231, 0.0818441 )
bind/14/name = "upperarm_l"
bind/14/bone = -1
bind/14/pose = Transform( -2.22484, -3.32417, 3.94881e-07, 3.31655, -2.21974, -0.270659, 0.224929, -0.150543, 3.99083, 3.27287, 0.809231, 0.127267 )
bind/15/name = "forearm_l"
bind/15/bone = -1
bind/15/pose = Transform( -2.51524, -3.11024, -3.72529e-07, 3.10263, -2.50908, 0.279624, -0.217425, 0.175829, 3.99021, 3.23977, 0.520365, 0.0764624 )
bind/16/name = "palm_1_l"
bind/16/bone = -1
bind/16/pose = Transform( -2.33454, -3.24806, 2.47869e-07, 3.24806, -2.33454, 1.04064e-06, -6.78604e-07, 1.78322e-07, 4, 3.23095, -0.247112, 0.0722189 )
bind/17/name = "finger_l"
bind/17/bone = -1
bind/17/pose = Transform( -3.65525, -1.62455, -2.44227e-07, 1.62455, -3.65525, -3.69585e-07, -5.13238e-08, -1.06723e-06, 4, 3.06877, 1.15293, 0.0722192 )
bind/18/name = "palm_2_l"
bind/18/bone = -1
bind/18/pose = Transform( -3.94924, -0.260879, 0.57915, 0.635195, -1.62198, 3.60079, -2.68221e-07, 3.64707, 1.64283, 2.23204, 0.739067, -2.23094 )
bind/19/name = "thumb_l"
bind/19/bone = -1
bind/19/pose = Transform( -3.91911, -0.43614, 0.671111, 0.707853, -3.45412, 1.88891, 0.373566, 1.96947, 3.46145, 2.31742, 1.61953, -1.49095 )
bind/20/name = "collar_r"
bind/20/bone = -1
bind/20/pose = Transform( -0.917045, 3.86947, -0.43152, -3.89314, -0.917043, 0.0502994, -0.0502726, 0.431522, 3.97634, -3.33986, 0.237231, -0.284952 )
bind/21/name = "upperarm_r"
bind/21/bone = -1
bind/21/pose = Transform( -2.22484, 3.22677, 0.798776, -3.31655, -2.21974, -0.270659, 0.22493, -0.812839, 3.91008, -3.18117, 0.80923, 0.779767 )
bind/22/name = "forearm_r"
bind/22/bone = -1
bind/22/pose = Transform( -2.51524, 3.03393, -0.684735, -3.10263, -2.50908, 0.279624, -0.217424, 0.706949, 3.93102, -3.20483, 0.520364, -0.480627 )
bind/23/name = "palm_1_r"
bind/23/bone = -1
bind/23/pose = Transform( -2.33454, 3.24806, -1.43782e-06, -3.24806, -2.33454, 1.07014e-06, -6.93506e-08, 1.25408e-06, 4, -3.23095, -0.247113, 0.0722179 )
bind/24/name = "finger_r"
bind/24/bone = -1
bind/24/pose = Transform( -3.65525, 1.62455, 2.16996e-07, -1.62455, -3.65525, -4.81547e-07, -9.64346e-08, -1.0662e-06, 4, -3.06877, 1.15293, 0.0722192 )
bind/25/name = "palm_2_r"
bind/25/bone = -1
bind/25/pose = Transform( -3.94924, 0.260879, -0.57915, -0.635195, -1.62198, 3.60079, 5.36442e-07, 3.64707, 1.64283, -2.23204, 0.739066, -2.23093 )
bind/26/name = "thumb_r"
bind/26/bone = -1
bind/26/pose = Transform( -3.91911, 0.800363, -0.00508189, -0.707853, -3.45412, 1.88891, 0.373566, 1.85161, 3.5259, -2.55736, 1.61953, -1.02629 )

[sub_resource type="CapsuleShape" id=2]
radius = 0.521218
height = 0.002

[sub_resource type="CapsuleShape" id=3]
radius = 0.371355
height = 0.263842

[node name="Player" type="KinematicBody"]
transform = Transform( 1, 0, 0, 0, 1, 0, 0, 0, 1, 0, 0.869229, 0 )
script = ExtResource( 12 )

[node name="Armature" type="Spatial" parent="."]
transform = Transform( -0.25, -3.7749e-08, 1.65006e-15, 0, -1.09278e-08, -0.25, 3.7749e-08, -0.25, 1.09278e-08, 5.59878e-08, -0.423128, 0.284583 )

[node name="Skeleton" type="Skeleton" parent="Armature"]
bones/0/name = "base"
bones/0/parent = -1
bones/0/rest = Transform( 1, 2.5403e-09, -2.11187e-09, -2.11187e-09, 0.98318, 0.182637, 2.5403e-09, -0.182637, 0.98318, -5.14779e-09, -1.00443, 0.377418 )
bones/0/enabled = true
bones/0/bound_children = [  ]
bones/1/name = "pelvis"
bones/1/parent = 0
bones/1/rest = Transform( -1, 3.01014e-07, -7.24547e-07, -7.74251e-07, -0.229195, 0.973381, 1.26938e-07, 0.97338, 0.229195, -5.75096e-14, 2.0665, 4.47035e-08 )
bones/1/enabled = true
bones/1/bound_children = [  ]
bones/2/name = "hip_l"
bones/2/parent = 1
bones/2/rest = Transform( 0.986255, 0.164713, -0.0130891, -0.165096, 0.979127, -0.11855, -0.00671084, 0.119081, 0.992862, -0.579859, 0.450214, -0.03718 )
bones/2/enabled = true
bones/2/bound_children = [  ]
bones/3/name = "shin_l"
bones/3/parent = 2
bones/3/rest = Transform( 0.999345, -0.0224049, -0.0284183, 0.0298583, 0.954193, 0.2977, 0.0204466, -0.298353, 0.954237, -5.87897e-08, 0.625269, 7.21775e-08 )
bones/3/enabled = true
bones/3/bound_children = [  ]
bones/4/name = "foot_l"
bones/4/parent = 3
bones/4/rest = Transform( 0.975278, -0.175519, 0.134259, 0.166083, 0.18142, -0.969279, 0.14577, 0.967615, 0.206086, -6.02234e-09, 0.50527, 1.00215e-07 )
bones/4/enabled = true
bones/4/bound_children = [  ]
bones/5/name = "toe_l"
bones/5/parent = 4
bones/5/rest = Transform( 0.998252, -0.00723854, -0.0586492, -0.0175282, 0.911536, -0.410846, 0.0564348, 0.411156, 0.909816, -6.58768e-09, 0.4336, -5.69411e-08 )
bones/5/enabled = true
bones/5/bound_children = [  ]
bones/6/name = "hip_r"
bones/6/parent = 1
bones/6/rest = Transform( 0.986255, -0.164712, 0.0130876, 0.165095, 0.979127, -0.11855, 0.00671224, 0.119081, 0.992862, 0.57986, 0.450214, -0.0371792 )
bones/6/enabled = true
bones/6/bound_children = [  ]
bones/7/name = "shin_r"
bones/7/parent = 6
bones/7/rest = Transform( 0.999345, 0.0224048, 0.0284182, -0.0298581, 0.954193, 0.2977, -0.0204466, -0.298353, 0.954236, 7.46447e-08, 0.625269, 9.57962e-09 )
bones/7/enabled = true
bones/7/bound_children = [  ]
bones/8/name = "foot_r"
bones/8/parent = 7
bones/8/rest = Transform( 0.975278, 0.175519, -0.134259, -0.166083, 0.181421, -0.96928, -0.14577, 0.967615, 0.206086, -1.00707e-08, 0.50527, 1.11756e-07 )
bones/8/enabled = true
bones/8/bound_children = [  ]
bones/9/name = "toe_r"
bones/9/parent = 8
bones/9/rest = Transform( 0.998252, 0.00723858, 0.0586492, 0.0175282, 0.911536, -0.410846, -0.0564348, 0.411156, 0.909817, -3.7712e-08, 0.4336, 1.07497e-07 )
bones/9/enabled = true
bones/9/bound_children = [  ]
bones/10/name = "torso"
bones/10/parent = 0
bones/10/rest = Transform( 1, -3.36308e-07, 3.78203e-09, 6.91922e-08, 0.216719, 0.976234, -3.29135e-07, -0.976234, 0.216719, -2.22045e-16, 2.0665, 4.47035e-08 )
bones/10/enabled = true
bones/10/bound_children = [  ]
bones/11/name = "chest"
bones/11/parent = 10
bones/11/rest = Transform( 1, 1.27005e-07, -2.27064e-07, -1.13423e-07, 0.998267, 0.0588425, 2.34144e-07, -0.0588425, 0.998267, -8.43769e-15, 0.919818, 2.23517e-08 )
bones/11/enabled = true
bones/11/bound_children = [  ]
bones/12/name = "head"
bones/12/parent = 11
bones/12/rest = Transform( 1, 2.23322e-07, 2.2904e-07, -2.10293e-07, 0.998465, -0.0553921, -2.41058e-07, 0.0553921, 0.998465, 1.5576e-13, 0.932796, -2.24431e-08 )
bones/12/enabled = true
bones/12/bound_children = [  ]
bones/13/name = "collar_l"
bones/13/parent = 11
bones/13/rest = Transform( -0.229261, 0.973284, -0.012568, -0.973047, -0.229497, -0.0225989, -0.0248795, 0.0070482, 0.999666, 0.538389, 0.561126, -0.0737291 )
bones/13/enabled = true
bones/13/bound_children = [  ]
bones/14/name = "upperarm_l"
bones/14/parent = 13
bones/14/rest = Transform( 0.608674, 0.791698, 0.0522576, -0.793346, 0.606395, 0.0537297, 0.0108489, -0.0741622, 0.997187, -4.95093e-08, 0.620471, -5.21784e-08 )
bones/14/enabled = true
bones/14/bound_children = [  ]
bones/15/name = "forearm_l"
bones/15/parent = 14
bones/15/rest = Transform( 0.960328, 0.278191, -0.0194947, -0.278234, 0.951053, -0.134478, -0.0188701, 0.134567, 0.990725, 1.21713e-08, 0.59754, 1.50847e-07 )
bones/15/enabled = true
bones/15/bound_children = [  ]
bones/16/name = "palm_1_l"
bones/16/parent = 15
bones/16/rest = Transform( 0.998386, -0.056791, -1.36904e-07, 0.0566521, 0.995943, 0.0699058, -0.00396989, -0.069793, 0.997554, -2.53756e-08, 0.578386, 7.95737e-08 )
bones/16/enabled = true
bones/16/bound_children = [  ]
bones/17/name = "finger_l"
bones/17/parent = 16
bones/17/rest = Transform( 0.863124, 0.504992, 1.61326e-07, -0.504992, 0.863124, 3.09077e-07, 1.68372e-08, -3.48241e-07, 1, 2.00523e-07, 0.307472, -4.87622e-08 )
bones/17/enabled = true
bones/17/bound_children = [  ]
bones/18/name = "palm_2_l"
bones/18/parent = 15
bones/18/rest = Transform( 0.671542, 0.215442, -0.708954, -0.714783, 0.440458, -0.543214, 0.195233, 0.87154, 0.449781, 1.50746e-08, 0.578386, 9.17305e-08 )
bones/18/enabled = true
bones/18/bound_children = [  ]
bones/19/name = "thumb_l"
bones/19/parent = 18
bones/19/rest = Transform( 0.998747, -0.0500258, 0.000974929, 0.039659, 0.803357, 0.594175, -0.0305073, -0.593392, 0.804335, 1.41576e-08, 0.231979, 4.99188e-08 )
bones/19/enabled = true
bones/19/bound_children = [  ]
bones/20/name = "collar_r"
bones/20/parent = 11
bones/20/rest = Transform( -0.229261, -0.973284, -0.0125679, 0.969686, -0.229497, 0.0839025, -0.0845453, 0.00704864, 0.996395, -0.538388, 0.561125, -0.0737288 )
bones/20/enabled = true
bones/20/bound_children = [  ]
bones/21/name = "upperarm_r"
bones/21/parent = 20
bones/21/rest = Transform( 0.615547, -0.734016, -0.286918, 0.744582, 0.660952, -0.0934923, 0.258264, -0.156085, 0.953382, -4.86821e-08, 0.620471, 1.67399e-08 )
bones/21/enabled = true
bones/21/bound_children = [  ]
bones/22/name = "forearm_r"
bones/22/parent = 21
bones/22/rest = Transform( 0.875546, -0.301912, 0.377183, 0.353313, 0.932601, -0.0736477, -0.329526, 0.197746, 0.923206, -6.46624e-10, 0.59754, -9.15714e-08 )
bones/22/enabled = true
bones/22/bound_children = [  ]
bones/23/name = "palm_1_r"
bones/23/parent = 22
bones/23/rest = Transform( 0.982895, 0.0679253, -0.171183, -0.0566521, 0.995944, 0.0699057, 0.175237, -0.0590121, 0.982756, 1.80332e-07, 0.578386, 1.35821e-08 )
bones/23/enabled = true
bones/23/bound_children = [  ]
bones/24/name = "finger_r"
bones/24/parent = 23
bones/24/rest = Transform( 0.863124, -0.504992, -4.67074e-07, 0.504992, 0.863124, 3.44048e-07, 2.29401e-07, -5.32825e-07, 1, 3.13915e-08, 0.307472, -4.14545e-08 )
bones/24/enabled = true
bones/24/bound_children = [  ]
bones/25/name = "palm_2_r"
bones/25/parent = 22
bones/25/rest = Transform( 0.695083, -0.361806, 0.621253, 0.714783, 0.440458, -0.543214, -0.0770977, 0.821641, 0.564767, 1.37384e-07, 0.578386, 1.94965e-08 )
bones/25/enabled = true
bones/25/bound_children = [  ]
bones/26/name = "thumb_r"
bones/26/parent = 25
bones/26/rest = Transform( 0.980578, 0.0500258, -0.189643, 0.0733078, 0.803358, 0.590967, 0.181915, -0.593392, 0.784088, -1.31548e-08, 0.23198, -4.6179e-08 )
bones/26/enabled = true
bones/26/bound_children = [  ]

[node name="Player" type="MeshInstance" parent="Armature/Skeleton"]
cast_shadow = 2
use_in_baked_light = true
generate_lightmap = false
mesh = ExtResource( 1 )
skin = SubResource( 1 )
material/0 = null
material/1 = null
material/2 = null

[node name="Belt" type="BoneAttachment" parent="Armature/Skeleton"]
transform = Transform( 1, -3.33696e-07, 5.80427e-09, 5.80429e-09, 0.0347773, 0.999395, -3.33696e-07, -0.999395, 0.0347773, 1.01739e-10, 1.02731, -1.3113e-06 )
bone_name = "torso"

[node name="Spatial" type="Spatial" parent="Armature/Skeleton/Belt"]
transform = Transform( 0.958982, 0.170399, -0.226535, -0.189181, -0.210419, -0.959133, -0.211102, 0.962647, -0.169551, -1.15417, -0.173739, 0.23763 )

[node name="Desert_Eagle" parent="Armature/Skeleton/Belt/Spatial" instance=ExtResource( 13 )]
transform = Transform( 6, 0, 0, 0, 6, 0, 0, 0, 6, 0, 0, 0 )

[node name="CollisionShape" type="CollisionShape" parent="."]
transform = Transform( 1, 0, 0, 0, -4.37114e-08, 1, 0, -1, -4.37114e-08, 0, 0.53583, 0.0345059 )
shape = SubResource( 2 )

[node name="CollisionShape2" type="CollisionShape" parent="."]
transform = Transform( 1, 0, 0, 0, -4.37114e-08, 1, 0, -1, -4.37114e-08, 0, -0.379959, 0.113588 )
shape = SubResource( 3 )

[node name="AnimationPlayer" type="AnimationPlayer" parent="."]
autoplay = "Idle"
anims/Idle = ExtResource( 10 )
anims/Run = ExtResource( 11 )
anims/Walk = ExtResource( 6 )
anims/Walk_Hide = ExtResource( 5 )
anims/idle_Hide = ExtResource( 7 )
anims/idle_Hide_Left = ExtResource( 8 )
anims/idle_Hide_Right = ExtResource( 9 )
